Starting Dynare (version 6.3).
Calling Dynare with arguments: none
Starting preprocessing of the model file ...
Found 14 equation(s).
Evaluating expressions...
Computing static model derivatives (order 1).
Normalizing the static model...
Finding the optimal block decomposition of the static model...
9 block(s) found:
  8 recursive block(s) and 1 simultaneous block(s).
  the largest simultaneous block has 4 equation(s)
                                 and 4 feedback variable(s).
Computing dynamic model derivatives (order 2).
Normalizing the dynamic model...
Finding the optimal block decomposition of the dynamic model...
6 block(s) found:
  5 recursive block(s) and 1 simultaneous block(s).
  the largest simultaneous block has 4 equation(s)
                                 and 3 feedback variable(s).
Preprocessing completed.
Preprocessing time: 0h00m00s.


Residuals of the static equations:
Equation number  1: pi      :       0.000000
Equation number  2: y_hat   :       0.000000
Equation number  3: r_n     :      -0.010050
Equation number  4: i       :      -0.010050
Equation number  5: nu      :       0.000000
Equation number  6: a       :       0.000000
Equation number  7: 7       :       0.000000
Equation number  8: y_n     :       0.195929
Equation number  9: y       :       0.000000
Equation number 10: r       :       0.000000
Equation number 11: i_ann   :       0.000000
Equation number 12: r_ann   :       0.000000
Equation number 13: r_n_ann :       0.000000
Equation number 14: pi_ann  :       0.000000



STEADY-STATE RESULTS:

y_hat   		 -2.4186e-19
y       		 -0.195929
y_n     		 -0.195929
pi      		 -3.08372e-18
n       		 -0.293893
i       		 0.0100503
r       		 0.0100503
r_n     		 0.0100503
a       		 0
nu      		 0
i_ann   		 0.0402013
pi_ann  		 -1.23349e-17
r_ann   		 0.0402013
r_n_ann 		 0.0402013

EIGENVALUES:
         Modulus             Real        Imaginary
             0.5              0.5                0
             0.9              0.9                0
           1.153            1.132           0.2197
           1.153            1.132          -0.2197

There are 2 eigenvalue(s) larger than 1 in modulus for 2 forward-looking variable(s)
The rank condition is verified.


MODEL SUMMARY

  Number of variables:         14
  Number of stochastic shocks: 2
  Number of state variables:   2
  Number of jumpers:           2
  Number of static variables:  10


MATRIX OF COVARIANCE OF EXOGENOUS SHOCKS
Variables       eps_a    eps_nu
eps_a        0.062500  0.000000
eps_nu       0.000000  0.062500

POLICY AND TRANSITION FUNCTIONS
                               y_hat               y             y_n              pi               n               i               r             r_n               a              nu           i_ann          pi_ann           r_ann         r_n_ann
Constant                           0       -0.195929       -0.195929               0       -0.293893        0.010050        0.010050        0.010050               0               0        0.040201               0        0.040201        0.040201
a(-1)                      -0.107894        0.892106        1.000000       -0.126206       -0.161841       -0.202796       -0.089211       -0.100000        0.900000               0       -0.811185       -0.504826       -0.356842       -0.400000
nu(-1)                     -0.569817       -0.569817               0       -0.143865       -0.854725        0.212976        0.284908               0               0        0.500000        0.851904       -0.575458        1.139633               0
eps_a                       0.724267        0.724267               0       -0.032600        1.086400        0.041633        0.167839        1.000000        1.000000               0        0.166531       -0.130401        0.671357        4.000000
eps_nu                     -1.139633       -1.139633               0       -0.287729       -1.709450        0.425952        0.569817               0               0        1.000000        1.703808       -1.150917        2.279267               0


THEORETICAL MOMENTS
VARIABLE         MEAN  STD. DEV.   VARIANCE
y_hat         -0.0000     0.3806     0.1448
y             -0.1959     0.6347     0.4028
y_n           -0.1959     0.5735     0.3289
pi            -0.0000     0.1105     0.0122
n             -0.2939     0.5709     0.3259
i              0.0101     0.1696     0.0288
r              0.0101     0.1773     0.0314
r_n            0.0101     0.2565     0.0658
a              0.0000     0.5735     0.3289
nu             0.0000     0.2887     0.0833
i_ann          0.0402     0.6783     0.4601
pi_ann        -0.0000     0.4419     0.1953
r_ann          0.0402     0.7092     0.5030
r_n_ann        0.0402     1.0260     1.0526



VARIANCE DECOMPOSITION (in percent)
            eps_a  eps_nu
y_hat       25.28   74.72
y           73.13   26.87
y_n        100.00    0.00
pi          43.47   56.53
n           25.28   74.72
i           47.42   52.58
r           13.93   86.07
r_n        100.00    0.00
a          100.00    0.00
nu           0.00  100.00
i_ann       47.42   52.58
pi_ann      43.47   56.53
r_ann       13.93   86.07
r_n_ann    100.00    0.00



MATRIX OF CORRELATIONS
Variables      y_hat        y      y_n       pi        n        i        r      r_n        a       nu    i_ann   pi_ann    r_ann  r_n_ann
y_hat         1.0000   0.4527  -0.1626   0.7213   1.0000  -0.4861  -0.6424   0.5001   0.0610  -0.8644  -0.4861   0.7213  -0.6424   0.5001
y             0.4527   1.0000   0.8062  -0.1595   0.4527  -0.9113  -0.6460   0.0978   0.8499  -0.5184  -0.9113  -0.1595  -0.6460   0.0978
y_n          -0.1626   0.8062   1.0000  -0.6552  -0.1626  -0.6859  -0.2886  -0.2236   0.9000   0.0000  -0.6859  -0.6552  -0.2886  -0.2236
pi            0.7213  -0.1595  -0.6552   1.0000   0.7213  -0.1003  -0.5259   0.0746  -0.6218  -0.7518  -0.1003   1.0000  -0.5259   0.0746
n             1.0000   0.4527  -0.1626   0.7213   1.0000  -0.4861  -0.6424   0.5001   0.0610  -0.8644  -0.4861   0.7213  -0.6424   0.5001
i            -0.4861  -0.9113  -0.6859  -0.1003  -0.4861   1.0000   0.8852   0.2132  -0.5906   0.7251   1.0000  -0.1003   0.8852   0.2132
r            -0.6424  -0.6460  -0.2886  -0.5259  -0.6424   0.8852   1.0000   0.2952  -0.1566   0.9277   0.8852  -0.5259   1.0000   0.2952
r_n           0.5001   0.0978  -0.2236   0.0746   0.5001   0.2132   0.2952   1.0000   0.2236   0.0000   0.2132   0.0746   0.2952   1.0000
a             0.0610   0.8499   0.9000  -0.6218   0.0610  -0.5906  -0.1566   0.2236   1.0000   0.0000  -0.5906  -0.6218  -0.1566   0.2236
nu           -0.8644  -0.5184   0.0000  -0.7518  -0.8644   0.7251   0.9277   0.0000   0.0000   1.0000   0.7251  -0.7518   0.9277   0.0000
i_ann        -0.4861  -0.9113  -0.6859  -0.1003  -0.4861   1.0000   0.8852   0.2132  -0.5906   0.7251   1.0000  -0.1003   0.8852   0.2132
pi_ann        0.7213  -0.1595  -0.6552   1.0000   0.7213  -0.1003  -0.5259   0.0746  -0.6218  -0.7518  -0.1003   1.0000  -0.5259   0.0746
r_ann        -0.6424  -0.6460  -0.2886  -0.5259  -0.6424   0.8852   1.0000   0.2952  -0.1566   0.9277   0.8852  -0.5259   1.0000   0.2952
r_n_ann       0.5001   0.0978  -0.2236   0.0746   0.5001   0.2132   0.2952   1.0000   0.2236   0.0000   0.2132   0.0746   0.2952   1.0000



COEFFICIENTS OF AUTOCORRELATION
Order            1        2        3        4        5
y_hat       0.3637   0.1779   0.0854   0.0395   0.0168
y           0.8195   0.6838   0.5886   0.5163   0.4579
y_n         0.9000   0.8100   0.7290   0.6561   0.5905
pi          0.6901   0.5080   0.4007   0.3323   0.2850
n           0.3637   0.1779   0.0854   0.0395   0.0168
i           0.6679   0.4960   0.3938   0.3281   0.2822
r           0.4755   0.2558   0.1442   0.0867   0.0565
r_n        -0.0500  -0.0450  -0.0405  -0.0364  -0.0328
a           0.9000   0.8100   0.7290   0.6561   0.5905
nu          0.5000   0.2500   0.1250   0.0625   0.0313
i_ann       0.6679   0.4960   0.3938   0.3281   0.2822
pi_ann      0.6901   0.5080   0.4007   0.3323   0.2850
r_ann       0.4755   0.2558   0.1442   0.0867   0.0565
r_n_ann    -0.0500  -0.0450  -0.0405  -0.0364  -0.0328
Total computing time : 0h00m04s
